[2.23606797749979, 63.43494882292201, 0]
[2.2588713996153036, 62.300527191945, 1]
[2.2825424421026654, 61.18920625702693, 1]
[2.3070543990118653, 60.10109816138543, 1]
[2.3323807579381204, 59.03624346792648, 1]
[2.358495283014151, 57.9946167919165, 1]
[2.3853720883753127, 56.97613244420335, 1]
[2.412985702402731, 55.98065001017354, 1]
[2.4413111231467406, 55.00797980144133, 1]
[2.470323865407125, 54.057888128617655, 1]
[2.5000000000000004, 53.13010235415597, 1]
[2.5303161857759995, 52.22431569404533, 1]
[2.56124969497314, 51.3401917459099, 1]
[2.592778432492835, 50.47736872882888, 1]
[2.624880949681338, 49.63546342690263, 1]
[2.6575364531836625, 48.81407483429034, 1]
[2.6907248094147422, 48.01278750418333, 1]
[2.724426545165056, 47.231174608031246, 1]
[2.758622844826745, 46.46880071438582, 1]
[2.793295544692685, 45.72522429905924, 1]
[2.8284271247461907, 44.999999999999986, 1]
[2.7932955446926844, 44.27477570094075, 1]
[2.758622844826744, 43.53119928561417, 1]
[2.7244265451650556, 42.76882539196875, 1]
[2.690724809414742, 41.987212495816664, 1]
[2.657536453183662, 41.18592516570964, 1]
[2.6248809496813372, 40.364536573097354, 1]
[2.592778432492834, 39.52263127117112, 1]
[2.561249694973139, 38.65980825409009, 1]
[2.530316185775999, 37.775684305954655, 1]
[2.4999999999999996, 36.86989764584401, 1]
[2.470323865407125, 35.94211187138233, 1]
[2.44131112314674, 34.992020198558656, 1]
[2.4129857024027306, 34.019349989826445, 1]
[2.3853720883753122, 33.02386755579664, 1]
[2.358495283014151, 32.00538320808348, 1]
[2.33238075793812, 30.96375653207351, 1]
[2.3070543990118653, 29.898901838614545, 1]
[2.282542442102665, 28.810793742973043, 1]
[2.258871399615303, 27.699472808054978, 1]
[2.2360679774997894, 26.56505117707797, 1]
[2.191460700081113, 27.14968169778317, 1]
[2.1470910553583886, 27.75854060106003, 1]
[2.1029740844813087, 28.393019421382995, 1]
[2.0591260281974, 29.054604099077146, 1]
[2.0155644370746373, 29.74488129694223, 1]
[1.9723082923316018, 30.465544919459884, 1]
[1.9293781381574735, 31.218402764346383, 1]
[1.8867962264113205, 32.00538320808351, 1]
[1.8445866745696715, 32.82854179141253, 1]
[1.8027756377319943, 33.6900675259798, 1]
[1.7613914953808534, 34.592288687509956, 1]
[1.7204650534085248, 35.537677791974396, 1]
[1.6800297616411437, 36.52885536698518, 1]
[1.640121946685672, 37.56859202882751, 1]
[1.6007810593582117, 38.65980825409011, 1]
[1.5620499351813304, 39.80557109226521, 1]
[1.5239750654128164, 41.009086901570235, 1]
[1.48660687473185, 42.273689006093754, 1]
[1.4499999999999993, 43.602818972703645, 1]
[1.4142135623730945, 45.00000000000003, 1]
[1.45, 46.39718102729638, 1]
[1.4866068747318506, 47.72631099390627, 1]
[1.523975065412817, 48.990913098429786, 1]
[1.562049935181331, 50.19442890773481, 1]
[1.6007810593582124, 51.34019174590992, 1]
[1.6401219466856727, 52.431407971172526, 1]
[1.6800297616411444, 53.47114463301484, 1]
[1.7204650534085255, 54.462322208025626, 1]
[1.761391495380854, 55.407711312490065, 1]
[1.802775637731995, 56.30993247402022, 1]
[1.8445866745696722, 57.17145820858748, 1]
[1.8867962264113212, 57.99461679191652, 1]
[1.9293781381574744, 58.78159723565363, 1]
[1.9723082923316024, 59.534455080540134, 1]
[2.0155644370746377, 60.25511870305779, 1]
[2.0591260281974004, 60.94539590092286, 1]
[2.1029740844813096, 61.60698057861702, 1]
[2.1470910553583895, 62.24145939893999, 1]
[2.1914607000811133, 62.85031830221685, 1]
[2.2360679774997907, 63.43494882292202, 1]
[2.2588713996153036, 62.300527191945, 1]
[2.2825424421026654, 61.18920625702693, 1]
[2.3070543990118653, 60.10109816138543, 1]
[2.3323807579381204, 59.03624346792648, 1]
[2.358495283014151, 57.9946167919165, 1]
[2.3853720883753127, 56.97613244420335, 1]
[2.412985702402731, 55.98065001017354, 1]
[2.4413111231467406, 55.00797980144133, 1]
[2.470323865407125, 54.057888128617655, 1]
[2.5000000000000004, 53.13010235415597, 1]
[2.5303161857759995, 52.22431569404533, 1]
[2.56124969497314, 51.3401917459099, 1]
[2.592778432492835, 50.47736872882888, 1]
[2.624880949681338, 49.63546342690263, 1]
[2.6575364531836625, 48.81407483429034, 1]
[2.6907248094147422, 48.01278750418333, 1]
[2.724426545165056, 47.231174608031246, 1]
[2.758622844826745, 46.46880071438582, 1]
[2.793295544692685, 45.72522429905924, 1]
[2.8284271247461907, 44.999999999999986, 1]
